32349  06 45 09.25 -16 42 47.3 -1.44  A SIRIUS   
30438  06 23 57.09 -52 41 44.6 -0.62  F CANOPUS  
69673  14 15 40.35 +19 11 14.2 -0.05  K ARCTURUS 
71683  14 39 40.90 -60 50 06.5 -0.01  G RIGEL KEN
91262  18 36 56.19 +38 46 58.8  0.03  A VEGA     
24608  05 16 41.30 +45 59 56.5  0.08  M CAPELLA  
24436  05 14 32.27 -08 12 05.9  0.18  B RIGEL    
37279  07 39 18.54 +05 13 39.0  0.40  F PROCYON  
27989  05 55 10.29 +07 24 25.3  0.45  M BETELGEUS
7588   01 37 42.75 -57 14 12.0  0.45  B ACHERNAR 
68702  14 03 49.44 -60 22 22.7  0.61  B          
97649  19 50 46.68 +08 52 02.6  0.76  A ALTAIR   
60718  12 26 35.94 -63 05 56.6  0.77  B ACRUX    
21421  04 35 55.20 +16 30 35.1  0.87  K ALDEBARAN
65474  13 25 11.60 -11 09 40.5  0.98  B SPICA    
80763  16 29 24.47 -26 25 55.0  1.06  M ANTARES  
37826  07 45 19.36 +28 01 34.7  1.16  K POLLUX   
113368 22 57 38.83 -29 37 18.6  1.17  A FOMALHAUT
102098 20 41 25.91 +45 16 49.2  1.25  A DENEB    
62434  12 47 43.32 -59 41 19.4  1.25  B          
71681  14 39 39.39 -60 50 22.1  1.35  K          
49669  10 08 22.46 +11 58 01.9  1.36  B REGULUS  
33579  06 58 37.55 -28 58 19.5  1.50  B ADHARA   
36850  07 34 36.00 +31 53 19.1  1.58  A          
61084  12 31 09.93 -57 06 45.2  1.59  M GACRUX   
85927  17 33 36.53 -37 06 13.5  1.62  B SHAULA   
25336  05 25 07.87 +06 20 59.0  1.64  B BELLATRIX
25428  05 26 17.50 +28 36 28.3  1.65  B ELNATH   
45238  09 13 12.24 -69 43 02.9  1.67  A MIAPLACID
26311  05 36 12.81 -01 12 06.9  1.69  B ALNILAM  
109268 22 08 13.88 -46 57 38.2  1.73  B AL NA'IR 
26727  05 40 45.52 -01 56 33.3  1.74  O          
39953  08 09 31.96 -47 20 11.8  1.75  W          
62956  12 54 01.63 +55 57 35.4  1.76  A ALIOTH   
15863  03 24 19.35 +49 51 40.5  1.79  F MIRFAK   
90185  18 24 10.35 -34 23 03.5  1.79  B KAUS AUST
54061  11 03 43.84 +61 45 04.0  1.81  F DUBHE    
34444  07 08 23.49 -26 23 35.5  1.83  F          
67301  13 47 32.55 +49 18 47.9  1.85  B ALKAID   
86228  17 37 19.13 -42 59 52.2  1.86  F          
41037  08 22 30.86 -59 30 34.3  1.86  K AVIOR    
28360  05 59 31.77 +44 56 50.8  1.90  A MENKALINA
82273  16 48 39.87 -69 01 39.5  1.91  K ATRIA    
31681  06 37 42.70 +16 23 57.9  1.93  A ALHENA   
42913  08 44 42.20 -54 42 30.8  1.93  A          
100751 20 25 38.85 -56 44 05.6  1.94  B PEACOCK  
11767  02 31 47.08 +89 15 50.9  1.97  F POLARIS  
30324  06 22 41.99 -17 57 21.3  1.98  B MIRZAM   
46390  09 27 35.25 -08 39 31.3  1.99  K ALPHARD  
9884   02 07 10.29 +23 27 46.0  2.01  K HAMAL    
50583  10 19 58.16 +19 50 30.7  2.01  K          
3419   00 43 35.23 -17 59 12.1  2.04  K DIPHDA; D
92855  18 55 15.92 -26 17 47.7  2.05  B NUNKI    
68933  14 06 41.32 -36 22 07.3  2.06  K MENKENT  
112122 22 42 39.93 -46 53 04.4  2.07  M          
27366  05 47 45.39 -09 40 10.6  2.07  B SAIPH    
5447   01 09 43.80 +35 37 15.0  2.07  M MIRACH   
677    00 08 23.17 +29 05 27.0  2.07  B ALPHERATZ
72607  14 50 42.40 +74 09 19.7  2.07  K KOCHAB   
86032  17 34 56.00 +12 33 38.1  2.08  A RASALHAGU
14576  03 08 10.13 +40 57 20.3  2.09  B ALGOL    
9640   02 03 53.92 +42 19 47.5  2.10  B ALMACH   
57632  11 49 03.88 +14 34 20.4  2.14  A DENEBOLA 
4427   00 56 42.50 +60 43 00.3  2.15  B          
61932  12 41 31.20 -48 57 35.6  2.20  A          
45556  09 17 05.43 -59 16 30.9  2.21  A ASPIDISKE
39429  08 03 35.07 -40 00 11.5  2.21  O          
76267  15 34 41.19 +26 42 53.7  2.22  A ALPHECCA 
65378  13 23 55.42 +54 55 31.5  2.23  A MIZAR    
100453 20 22 13.70 +40 15 24.1  2.23  F SADR     
44816  09 07 59.78 -43 25 57.4  2.23  K          
3179   00 40 30.39 +56 32 14.7  2.24  K SCHEDAR  
87833  17 56 36.38 +51 29 20.2  2.24  K ELTANIN  
25930  05 32 00.40 -00 17 56.7  2.25  O MINTAKA  
746    00 09 10.09 +59 09 00.8  2.28  F CAPH     
78401  16 00 20.01 -22 37 17.8  2.29  B          
66657  13 39 53.27 -53 27 58.9  2.29  B          
82396  16 50 10.24 -34 17 33.4  2.29  K          
71860  14 41 55.77 -47 23 17.3  2.30  B          
71352  14 35 30.45 -42 09 27.9  2.33  B          
53910  11 01 50.39 +56 22 56.4  2.34  A MERAK    
72105  14 44 59.25 +27 04 27.0  2.35  A          
107315 21 44 11.14 +09 52 30.0  2.38  K ENIF     
86670  17 42 29.28 -39 01 47.7  2.39  B          
2081   00 26 16.87 -42 18 18.4  2.40  K ANKAA    
58001  11 53 49.74 +53 41 41.0  2.41  A PHECDA   
84012  17 10 22.66 -15 43 30.5  2.43  A          
113881 23 03 46.33 +28 04 56.8  2.44  M SCHEAT   
105199 21 18 34.58 +62 35 07.6  2.45  A ALDERAMIN
35904  07 24 05.71 -29 18 11.2  2.45  B ALUDRA   
45941  09 22 06.83 -55 00 38.5  2.47  B          
102488 20 46 12.43 +33 58 10.0  2.48  K          
113963 23 04 45.62 +15 12 19.3  2.49  B MARKAB   
14135  03 02 16.78 +04 05 23.7  2.54  M MENKAR   
81377  16 37 09.53 -10 34 01.7  2.54  O          
68002  13 55 32.43 -47 17 17.8  2.55  B          
54872  11 14 06.41 +20 31 26.5  2.56  A ZOSMA    
78820  16 05 26.23 -19 48 19.4  2.56  B GRAFFIAS 
25985  05 32 43.81 -17 49 20.3  2.58  F ARNEB    
59196  12 08 21.54 -50 43 20.7  2.58  B          
59803  12 15 48.47 -17 32 31.1  2.58  B GIENAH   
93506  19 02 36.72 -29 52 48.4  2.60  A          
74785  15 17 00.47 -09 22 58.3  2.61  B ZUBENESCH
77070  15 44 16.00 +06 25 31.9  2.63  K UNUKALHAI
8903   01 54 38.35 +20 48 29.9  2.64  A SHERATAN 
61359  12 34 23.23 -23 23 47.8  2.65  G          
26634  05 39 38.94 -34 04 26.6  2.65  B PHACT    
28380  05 59 43.24 +37 12 46.0  2.65  A          
6686   01 25 48.60 +60 14 07.5  2.66  A RUCHBAH  
73273  14 58 31.95 -43 08 01.9  2.68  B          
67927  13 54 41.12 +18 23 54.9  2.68  G MUPHRID  
52727  10 46 46.12 -49 25 12.5  2.69  G          
23015  04 56 59.62 +33 09 58.1  2.69  K          
61585  12 37 11.08 -69 08 07.9  2.69  B          
85696  17 30 45.84 -37 17 44.7  2.70  B LESATH   
35264  07 17 08.56 -37 05 51.0  2.71  K          
97278  19 46 15.57 +10 36 47.8  2.72  K TARAZED  
89931  18 20 59.62 -29 49 40.9  2.72  K KAUS MEDI
80331  16 23 59.51 +61 30 50.7  2.73  G          
79593  16 14 20.77 -03 41 38.3  2.73  M YED PRIOR
52419  10 42 57.43 -64 23 40.1  2.74  B          
61941  12 41 40.00 -01 26 58.3  2.74  F          
26241  05 35 25.98 -05 54 35.6  2.75  O          
72622  14 50 52.78 -16 02 29.8  2.75  A ZUBENELGE
65109  13 20 36.07 -36 42 43.5  2.75  A          
86742  17 43 28.38 +04 34 00.9  2.76  K CEBALRAI 
23875  05 07 51.03 -05 05 10.5  2.78  A CURSA    
84345  17 14 38.86 +14 23 24.9  2.78  M          
80816  16 30 13.26 +21 29 22.7  2.78  G KORNEPHOR
59747  12 15 08.76 -58 44 56.0  2.79  B          
85670  17 30 25.98 +52 18 04.9  2.79  G RASTABAN 
76297  15 35 08.46 -41 10 00.1  2.80  B          
81693  16 41 17.48 +31 36 06.8  2.81  F          
25606  05 28 14.73 -20 45 33.2  2.81  G NIHAL    
90496  18 27 58.27 -25 25 16.5  2.82  K KAUS BORE
81266  16 35 52.96 -28 12 57.5  2.82  B          
2021   00 25 39.20 -77 15 18.1  2.82  G          
39757  08 07 32.70 -24 18 16.0  2.83  F          
1067   00 13 14.15 +15 11 01.0  2.83  B ALGENIB  
77952  15 55 08.81 -63 25 47.1  2.83  F          
85258  17 25 18.00 -55 31 47.4  2.84  K          
85792  17 31 50.52 -49 52 33.5  2.84  B          
18246  03 54 07.92 +31 53 01.2  2.84  B ATIK     
17702  03 47 29.06 +24 06 18.9  2.85  B ALCYONE  
63608  13 02 10.76 +10 57 32.8  2.85  G VINDEMIAT
107556 21 47 02.29 -16 07 35.6  2.85  A DENEB ALG
9236   01 58 45.87 -61 34 11.7  2.86  F          
97165  19 44 58.44 +45 07 50.5  2.86  B          
110130 22 18 30.18 -60 15 34.2  2.87  K          
30343  06 22 57.59 +22 30 49.9  2.87  M          
74946  15 18 54.69 -68 40 46.1  2.87  A          
94141  19 09 45.83 -21 01 24.7  2.88  F          
13847  02 58 15.72 -40 18 17.0  2.88  A ACAMAR   
63125  12 56 01.84 +38 19 05.7  2.89  A COR CAROL
78265  15 58 51.12 -26 06 50.6  2.89  B          
36188  07 27 09.07 +08 17 21.9  2.89  B GOMEISA  
18532  03 57 51.22 +40 00 37.0  2.90  B          
106278 21 31 33.52 -05 34 16.2  2.90  G SADALSUUD
80112  16 21 11.32 -25 35 33.9  2.90  B          
14328  03 04 47.79 +53 30 23.2  2.91  G          
48002  09 47 06.14 -65 04 19.3  2.92  A          
112158 22 43 00.13 +30 13 16.7  2.93  G MATAR    
60965  12 29 51.98 -16 30 54.3  2.94  B ALGORAB  
32768  06 49 56.14 -50 36 51.8  2.94  K          
109074 22 05 47.03 -00 19 11.4  2.95  G SADALMELI
18543  03 58 01.73 -13 30 29.7  2.97  M ZAURAK   
47908  09 45 51.10 +23 46 27.4  2.97  G          
26451  05 37 38.68 +21 08 33.3  2.97  B          
88635  18 05 48.52 -30 25 25.1  2.98  K ALNASL   
64962  13 18 55.25 -23 10 17.1  2.99  G          
87073  17 47 35.08 -40 07 37.1  2.99  F          
93747  19 05 24.61 +13 51 49.4  2.99  A          
75097  15 20 43.75 +71 50 02.3  3.00  A PHERKAD  
82514  16 51 52.24 -38 02 50.4  3.00  B          
108085 21 53 55.65 -37 21 53.4  3.00  B          
54539  11 09 39.86 +44 29 54.8  3.00  K          
10064  02 09 32.52 +34 59 14.6  3.00  A          
17358  03 42 55.48 +47 47 15.6  3.01  B          
30122  06 20 18.79 -30 03 48.2  3.02  B FURUD    
59316  12 10 07.53 -22 37 11.3  3.02  K          
33977  07 03 01.47 -23 49 59.9  3.02  B          
23416  05 01 58.13 +43 49 23.9  3.03  F          
71075  14 32 04.76 +38 18 28.4  3.04  A SEGINUS  
62322  12 46 16.87 -68 06 29.1  3.04  B          
95947  19 30 43.29 +27 57 34.9  3.05  K ALBIREO  
100345 20 21 00.65 -14 46 53.0  3.05  A DABIH    
32246  06 43 55.93 +25 07 52.2  3.06  A MEBSUTA  
50801  10 22 19.80 +41 29 58.0  3.06  M TANIA AUS
94376  19 12 33.15 +67 39 40.7  3.07  G ALTAIS   
89642  18 17 37.73 -36 45 40.6  3.10  M          
56561  11 35 46.93 -63 01 11.4  3.11  B          
101772 20 37 33.99 -47 17 30.0  3.11  K          
52943  10 49 37.43 -16 11 38.9  3.11  K          
43813  08 55 23.68 +05 56 43.9  3.11  G          
83081  16 58 37.23 -55 59 24.2  3.12  K          
27628  05 50 57.55 -35 46 09.5  3.12  K WAZN     
44127  08 59 12.84 +48 02 32.5  3.12  A TALITHA  
84379  17 15 01.92 +24 50 22.5  3.12  A          
73334  14 59 09.70 -42 06 14.9  3.13  B          
45860  09 21 03.46 +34 23 33.1  3.14  M          
46701  09 31 13.35 -57 02 03.8  3.16  K          
84380  17 15 02.85 +36 48 33.0  3.16  K          
83895  17 08 47.23 +65 42 52.7  3.17  B          
31685  06 37 45.67 -43 11 45.3  3.17  B          
92041  18 45 39.35 -26 59 26.8  3.17  B          
46853  09 32 52.33 +51 40 43.0  3.17  F          
71908  14 42 30.69 -64 58 28.5  3.18  F          
23767  05 06 30.87 +41 14 04.7  3.18  B          
87261  17 49 51.45 -37 02 36.1  3.19  K G SCO    
22449  04 49 50.14 +06 57 40.5  3.19  F          
83000  16 57 40.27 +09 22 30.2  3.19  K          
23685  05 05 27.65 -22 22 15.1  3.19  K          
116727 23 39 20.98 +77 37 55.1  3.21  K ERRAI    
104732 21 12 56.18 +30 13 37.5  3.21  G          
75141  15 21 22.34 -40 38 50.9  3.22  B          
79882  16 18 19.24 -04 41 33.4  3.23  G YED POSTE
106032 21 28 39.58 +70 33 38.5  3.23  B ALFIRK   
89962  18 21 18.92 -02 53 49.6  3.23  K          
99473  20 11 18.26 -00 49 17.3  3.24  B          
32607  06 48 11.54 -61 56 31.1  3.24  A          
36377  07 29 13.88 -43 18 06.8  3.25  K          
68895  14 06 22.27 -26 40 55.3  3.25  K          
73714  15 04 04.26 -25 16 54.7  3.25  M          
93194  18 58 56.62 +32 41 22.4  3.25  B SULAFAT  
17678  03 47 14.23 -74 14 21.3  3.26  M          
113136 22 54 39.04 -15 49 14.7  3.27  A SKAT     
84970  17 22 00.58 -24 59 58.2  3.27  B          
3092   00 39 19.60 +30 51 40.4  3.27  K          
50099  10 13 44.28 -70 02 16.5  3.29  B          
24305  05 12 55.87 -16 12 19.5  3.29  B          
75458  15 24 55.78 +58 57 57.7  3.29  K EDASICH  
51576  10 32 01.48 -61 41 07.3  3.30  B          
21281  04 33 59.72 -55 02 42.0  3.30  A          
29655  06 14 52.70 +22 30 24.6  3.31  M          
85267  17 25 23.66 -56 22 39.7  3.31  B          
14354  03 05 10.50 +38 50 25.9  3.32  M          
5165   01 06 05.11 -46 43 06.6  3.32  G          
59774  12 15 25.45 +57 01 57.4  3.32  A MEGREZ   
84143  17 12 09.18 -43 14 18.6  3.32  F          
88048  17 59 01.60 -09 46 24.1  3.32  K          
93864  19 06 56.44 -27 40 11.3  3.32  K          
54879  11 14 14.44 +15 25 47.1  3.33  A CHERTAN  
19780  04 14 25.43 -62 28 26.3  3.33  G          
38170  07 49 17.66 -24 51 35.2  3.34  G          
32362  06 45 17.43 +12 53 45.8  3.35  F          
41704  08 30 16.03 +60 43 06.4  3.35  G MUSCIDA  
25281  05 24 28.62 -02 23 49.7  3.35  B          
8886   01 54 23.68 +63 40 12.5  3.35  B          
95501  19 25 29.75 +03 06 52.5  3.36  F          
75264  15 22 40.89 -44 41 22.5  3.37  B          
66249  13 34 41.75 -00 35 45.4  3.38  A          
43109  08 46 46.65 +06 25 08.1  3.38  G          
109492 22 10 51.26 +58 12 04.5  3.39  K          
63090  12 55 36.48 +03 23 51.4  3.39  M          
50371  10 17 05.01 -61 19 56.4  3.39  K q CAR    
26207  05 35 08.28 +09 56 03.0  3.39  O          
20894  04 28 39.67 +15 52 15.4  3.40  A          
74395  15 12 17.20 -52 05 56.7  3.41  G          
6867   01 28 21.94 -43 19 03.8  3.41  K          
18724  04 00 40.82 +12 29 25.4  3.41  B          
112029 22 41 27.67 +10 49 53.0  3.41  B HOMAM    
67464  13 49 30.30 -41 41 15.6  3.41  B          
102422 20 45 17.27 +61 50 12.5  3.41  K          
86974  17 46 27.72 +27 43 21.0  3.42  G          
8796   01 53 04.90 +29 34 45.8  3.42  F          
78384  16 00 07.34 -38 23 47.9  3.42  B          
102395 20 44 57.56 -66 12 11.7  3.42  A          
50335  10 16 41.40 +23 25 02.4  3.43  F ADHAFERA 
93805  19 06 14.95 -04 52 56.4  3.43  B          
45080  09 10 58.11 -58 58 00.9  3.43  B          
50372  10 17 05.93 +42 54 52.1  3.45  A TANIA BOR
74666  15 15 30.10 +33 18 54.4  3.46  G          
5364   01 08 35.26 -10 10 54.9  3.46  K          
3821   00 49 05.10 +57 48 59.6  3.46  G          
38827  07 56 46.74 -52 58 56.6  3.46  B          
12706  02 43 18.12 +03 14 10.2  3.47  A          
67472  13 49 37.01 -42 28 25.3  3.47  B          
49583  10 07 19.95 +16 45 45.6  3.48  A          
81833  16 42 53.74 +38 55 20.9  3.48  G          
73555  15 01 56.79 +40 23 26.3  3.49  G NEKKAR   
90422  18 26 58.43 -45 58 06.0  3.49  B          
55219  11 18 28.76 +33 05 39.3  3.49  K ALULA BOR
33856  07 01 43.15 -27 56 05.4  3.49  K          
112623 22 48 33.20 -51 19 00.1  3.49  A          
8102   01 44 05.13 -15 56 22.4  3.49  G          
32759  06 49 50.47 -32 30 30.6  3.50  B          
35550  07 20 07.39 +21 58 56.4  3.50  F WASAT    
112724 22 49 40.91 +66 12 02.6  3.50  K          
112748 22 50 00.10 +24 36 06.1  3.51  M SADALBARI
98337  19 58 45.39 +19 29 31.5  3.51  K          
47508  09 41 09.12 +09 53 32.6  3.52  A          
93085  18 57 43.78 -21 06 23.8  3.52  G          
92420  18 50 04.79 +33 21 45.6  3.52  A SHELIAK  
48774  09 56 51.75 -54 34 04.1  3.52  B          
17378  03 43 14.96 -09 45 54.7  3.52  K          
109427 22 10 11.82 +06 11 52.0  3.52  A BIHAM    
20889  04 28 36.93 +19 10 49.9  3.53  K          
40526  08 16 30.95 +09 11 08.4  3.53  K          
86263  17 37 35.23 -15 23 54.3  3.54  F          
77516  15 49 37.27 -03 25 48.5  3.54  A          
56343  11 33 00.26 -31 51 27.1  3.54  G          
69996  14 19 24.23 -46 03 29.1  3.55  B          
99240  20 08 41.86 -66 10 45.6  3.55  G          
27288  05 46 57.35 -14 49 19.0  3.55  A          
89937  18 21 02.34 +72 44 01.3  3.55  F          
20042  04 17 53.62 -33 47 54.0  3.55  B          
1562   00 19 25.68 -08 49 25.8  3.56  K          
55282  11 19 20.52 -14 46 44.6  3.56  K          
10602  02 16 30.50 -51 30 43.6  3.56  B          
82545  16 52 20.15 -38 01 02.9  3.56  B          
75177  15 21 48.44 -36 15 40.2  3.57  K          
37740  07 44 26.87 +24 23 53.3  3.57  G          
71053  14 31 49.86 +30 22 16.1  3.57  K          
44471  09 03 37.56 +47 09 24.0  3.57  A          
35350  07 18 05.61 +16 32 25.7  3.58  A          
100064 20 18 03.22 -12 32 41.5  3.58  G ALGEDI   
7607   01 37 59.50 +48 37 42.6  3.59  K          
57757  11 50 41.29 +01 45 55.4  3.59  F ZAVIJAVA 
27072  05 44 27.97 -22 26 51.0  3.59  F          
24674  05 17 36.40 -06 50 39.8  3.59  B          
60260  12 21 21.81 -60 24 04.9  3.59  K          
46651  09 30 42.11 -40 28 00.8  3.60  F          
6537   01 24 01.45 -08 10 57.9  3.60  K          
33018  06 52 47.34 +33 57 40.9  3.60  A          
76470  15 37 01.46 -28 08 06.3  3.60  K          
85727  17 31 05.98 -60 41 01.0  3.60  B          
42536  08 40 17.61 -52 55 19.1  3.60  B          
63613  13 02 15.78 -71 32 55.7  3.61  K          
13209  02 49 58.99 +27 15 38.8  3.61  B          
15900  03 24 48.84 +09 01 44.6  3.61  G          
49841  10 10 35.40 -12 21 13.8  3.61  K          
86929  17 45 44.00 -64 43 25.4  3.61  K          
37819  07 45 15.30 -37 58 07.0  3.62  K          
17847  03 49 09.73 +24 03 12.7  3.62  B ATLAS    
7097   01 31 28.99 +15 20 45.0  3.62  G          
113726 23 01 55.25 +42 19 33.5  3.62  B          
82729  16 54 35.11 -42 21 38.7  3.62  K          
57363  11 45 36.57 -66 43 43.8  3.63  A          
101769 20 37 32.87 +14 35 42.7  3.64  F          
88714  18 06 37.88 -50 05 29.2  3.65  B          
77233  15 46 11.21 +15 25 18.9  3.65  A          
20205  04 19 47.53 +15 37 39.7  3.65  G          
46733  09 31 31.57 +63 03 42.5  3.65  F          
110960 22 28 49.80 -00 01 12.2  3.65  F          
75695  15 27 49.85 +29 06 19.8  3.66  F NUSAKAN  
76600  15 38 39.38 -29 46 39.7  3.66  B          
68756  14 04 23.43 +64 22 32.9  3.67  A THUBAN   
103227 20 54 48.58 -58 27 14.7  3.67  K          
97365  19 47 23.27 +18 32 03.3  3.68  M          
22549  04 51 12.37 +05 36 18.4  3.68  B          
114341 23 09 26.76 -21 10 20.9  3.68  K          
42828  08 43 35.55 -33 11 11.1  3.68  B          
47854  09 45 14.83 -62 30 28.5  3.69  G          
9007   01 55 56.83 -51 36 34.5  3.69  G          
23453  05 02 28.68 +41 04 33.2  3.69  K          
2920   00 36 58.27 +53 53 49.0  3.69  B          
106985 21 40 05.34 -16 39 44.1  3.69  A NASHIRA  
57399  11 46 03.13 +47 46 45.6  3.69  K          
15474  03 19 30.97 -21 45 28.6  3.70  M          
87933  17 57 45.83 +29 14 52.5  3.70  K          
114971 23 17 09.49 +03 16 56.1  3.70  G          
28103  05 56 24.32 -14 10 04.9  3.71  F          
77622  15 50 48.89 +04 28 39.3  3.71  A          
22797  04 54 15.10 +02 26 26.4  3.71  B          
38414  07 52 13.05 -40 34 32.9  3.71  G          
98036  19 55 18.77 +06 24 28.6  3.71  G ALSHAIN  
88771  18 07 21.02 +09 33 49.2  3.71  A          
17499  03 44 52.52 +24 06 48.4  3.72  B ELECTRA  
104060 21 04 55.86 +43 55 40.3  3.72  K          
28358  05 59 31.55 +54 17 05.9  3.72  K          
16537  03 32 56.42 -09 27 29.9  3.72  K          
107089 21 41 28.47 -77 23 22.1  3.73  K          
112961 22 52 36.86 -07 34 46.8  3.73  M          
72220  14 46 14.99 +01 53 34.6  3.73  A          
87585  17 53 31.63 +56 52 20.8  3.73  K GRUMIUM  
16083  03 27 10.12 +09 43 58.0  3.73  B          
80170  16 21 55.24 +19 09 10.9  3.74  A          
8645   01 51 27.61 -10 20 05.8  3.74  K BATEN KAI
104887 21 14 47.35 +38 02 39.6  3.74  F          
87108  17 47 53.57 +02 42 26.9  3.75  A          
44511  09 04 09.32 -47 05 51.8  3.75  K          
93683  19 04 40.93 -21 44 28.9  3.76  K          
27654  05 51 19.15 -20 52 39.0  3.76  G          
95853  19 29 42.34 +51 43 46.1  3.76  A          
26069  05 33 37.52 -62 29 23.5  3.76  F          
30867  06 28 49.07 -07 01 59.0  3.76  B          
111169 22 31 17.38 +50 16 56.8  3.76  A          
101958 20 39 38.25 +15 54 43.4  3.77  B          
26549  05 38 44.77 -02 36 00.2  3.77  O          
20455  04 22 56.03 +17 32 33.3  3.77  G          
109176 22 07 00.47 +25 20 42.2  3.77  F          
17529  03 45 11.64 +42 34 42.8  3.77  F          
105881 21 26 40.03 -22 24 41.0  3.77  G          
42570  08 40 37.58 -46 38 55.5  3.77  F          
41312  08 25 44.25 -66 08 11.5  3.77  K          
13268  02 50 41.79 +55 53 43.9  3.77  K          
82363  16 49 47.11 -59 02 28.7  3.77  K          
48319  09 50 59.69 +59 02 20.8  3.78  F          
53253  10 53 29.57 -58 51 11.8  3.78  K          
71795  14 41 08.92 +13 43 42.0  3.78  A          
36046  07 25 43.68 +27 47 53.8  3.78  G          
102618 20 47 40.53 -09 29 44.5  3.78  A ALBALI   
34481  07 08 44.82 -70 29 57.1  3.78  G          
55203  11 18 11.24 +31 31 50.8  3.79  G          
14668  03 09 29.63 +44 51 28.4  3.79  K          
53229  10 53 18.64 +34 12 56.0  3.79  K          
99675  20 13 37.90 +46 44 28.8  3.80  K V695 CYG 
14879  03 12 04.28 -28 59 20.8  3.80  F          
37229  07 38 49.88 -26 48 14.0  3.80  B          
76276  15 34 48.19 +10 32 19.9  3.80  F          
94779  19 17 06.11 +53 22 05.4  3.80  K          
116584 23 37 33.71 +46 27 33.0  3.81  G          
76952  15 42 44.64 +26 17 43.9  3.81  A          
21393  04 35 33.07 -30 33 44.3  3.81  G          
51232  10 27 52.75 -58 44 21.9  3.81  F          
56211  11 31 24.29 +69 19 52.0  3.82  M GIAUSAR  
86414  17 39 27.89 +46 00 22.8  3.82  B          
9487   02 02 02.80 +02 45 49.5  3.82  A          
45688  09 18 50.67 +36 48 10.4  3.82  A          
80883  16 30 54.84 +01 59 02.8  3.82  A          
51069  10 26 05.51 -16 50 09.9  3.83  K          
72370  14 47 51.73 -79 02 41.0  3.83  K          
68245  13 58 16.28 -42 06 02.5  3.83  B          
51986  10 37 18.26 -48 13 32.2  3.84  A          
20885  04 28 34.43 +15 57 44.0  3.84  G          
88794  18 07 32.55 +28 45 44.9  3.84  B          
17440  03 44 11.55 -64 48 25.5  3.84  K          
89341  18 13 45.81 -21 03 31.8  3.84  B          
17448  03 44 19.13 +32 17 17.8  3.84  B          
43783  08 55 02.86 -60 38 41.0  3.84  B          
97433  19 48 10.21 +70 16 04.2  3.84  G          
51624  10 32 48.68 +09 18 23.7  3.84  B          
61199  12 32 28.11 -72 07 58.7  3.84  B          
27321  05 47 17.08 -51 04 00.2  3.85  A          
78072  15 56 26.99 +15 39 53.0  3.85  F          
90139  18 23 41.77 +21 46 13.2  3.85  K          
19747  04 14 00.08 -42 17 37.9  3.85  K          
91117  18 35 12.44 -08 14 35.9  3.85  K          
50191  10 14 44.27 -42 07 19.4  3.85  A          
61622  12 37 42.33 -48 32 28.6  3.85  A          
61281  12 33 29.04 +69 47 17.6  3.85  B          
30277  06 22 06.85 -33 26 10.6  3.85  G          
81065  16 33 27.46 -78 53 49.1  3.86  K          
110395 22 21 39.30 -01 23 14.5  3.86  A SADACHBIA
4436   00 56 45.10 +38 29 57.3  3.86  A          
25859  05 31 12.74 -35 28 13.6  3.86  K          
87808  17 56 15.18 +37 15 01.9  3.86  K          
79664  16 15 26.27 -63 41 08.3  3.86  G          
21594  04 38 10.87 -14 18 12.9  3.86  K          
43023  08 46 01.65 -46 02 29.5  3.87  A          
78104  15 56 53.09 -29 12 50.4  3.87  B          
97804  19 52 28.36 +01 00 20.4  3.87  F          
68282  13 58 40.77 -44 48 12.7  3.87  B          
17573  03 45 49.59 +24 22 04.3  3.87  B          
71957  14 43 03.56 -05 39 26.7  3.87  F          
765    00 09 24.54 -45 44 49.2  3.88  K          
114421 23 10 21.43 -45 14 47.9  3.88  K          
74376  15 11 56.16 -48 44 15.7  3.88  B          
8832   01 53 31.77 +19 17 38.7  3.88  A          
48455  09 52 45.96 +26 00 25.5  3.88  K RASALAS  
60129  12 19 54.39 -00 40 00.3  3.89  A ZANIAH   
33152  06 54 07.95 -24 11 03.2  3.89  K          
98110  19 56 18.40 +35 05 00.6  3.89  K          
13701  02 56 25.60 -08 53 51.4  3.89  K AZHA     
45336  09 14 21.79 +02 18 54.1  3.89  B          
65936  13 31 02.67 -39 24 26.2  3.90  G          
47431  09 39 51.33 -01 08 33.6  3.90  K          
55425  11 21 00.44 -54 29 27.7  3.90  B          
18907  04 03 09.38 +05 59 21.5  3.91  A          
73807  15 05 07.11 -47 03 04.3  3.91  B          
41307  08 25 39.67 -03 54 22.9  3.91  A          
76333  15 35 31.54 -14 47 22.4  3.91  K          
79992  16 19 44.45 +46 18 47.8  3.91  B          
60823  12 28 02.41 -50 13 50.2  3.91  B          
95168  19 21 40.38 -17 50 50.1  3.92  F          
83207  17 00 17.41 +30 55 34.8  3.92  A          
104987 21 15 49.40 +05 14 53.1  3.92  G KITALPHA 
21444  04 36 19.14 -03 21 08.8  3.93  B          
88192  18 00 38.72 +02 55 53.7  3.93  B          
54463  11 08 35.40 -58 58 30.2  3.93  G          
78933  16 06 48.43 -20 40 08.9  3.93  B          
37504  07 41 49.20 -72 36 22.1  3.93  K          
2072   00 26 12.12 -43 40 47.7  3.93  A          
7083   01 31 14.98 -49 04 23.1  3.93  K          
13531  02 54 15.46 +52 45 45.0  3.93  G          
103413 20 57 10.41 +41 10 01.9  3.94  A          
37677  07 43 48.47 -28 57 17.4  3.94  A          
37447  07 41 14.88 -09 33 03.9  3.94  K          
5348   01 08 23.06 -55 14 45.0  3.94  B          
42911  08 44 41.11 +18 09 17.5  3.94  K ASELLUS A
9598   02 03 26.19 +72 25 16.5  3.95  A          
31592  06 36 41.00 -19 15 20.6  3.95  K          
115438 23 22 58.30 -20 06 01.2  3.96  K          
45101  09 11 16.77 -62 19 01.3  3.96  B          
19343  04 08 39.67 +47 42 45.3  3.96  B          
95347  19 23 53.15 -40 36 56.3  3.96  B RUKBAT   
28328  05 59 08.79 -42 48 54.4  3.96  K          
44248  09 00 38.75 +41 47 00.4  3.96  F          
99848  20 15 28.32 +47 42 51.1  3.96  K          
95241  19 22 38.29 -44 27 32.1  3.96  B ARKAB    
110997 22 29 16.15 -43 29 44.0  3.97  G          
112440 22 46 31.84 +23 33 56.4  3.97  G          
98495  20 00 35.39 -72 54 36.7  3.97  A          
77634  15 50 57.54 -33 37 37.6  3.97  B          
59449  12 11 39.15 -52 22 06.3  3.97  B          
42515  08 40 06.14 -35 18 29.9  3.97  G          
35228  07 16 49.83 -67 57 25.8  3.97  F          
20535  04 24 02.17 -34 01 01.2  3.97  K          
27673  05 51 29.39 +39 08 54.5  3.97  K          
18614  03 58 57.90 +35 47 27.7  3.98  O MENKIB   
